001	26.12	59.75
002	26.58	60.00
003	25.20	66.75
004	23.66	69.00
005	22.84	72.75
006	23.78	69.25
007	24.84	56.50
008	25.02	51.25
009	24.40	54.25
010	25.78	56.75
011	26.52	47.50
012	26.82	51.75
013	26.94	52.50
014	26.46	61.25
015	26.30	49.75
016	26.68	51.25
017	26.72	71.00
018	27.02	42.75
019	27.08	44.50
020	27.02	42.50
021	26.32	51.25
022	22.18	76.00
023	22.16	74.00
024	21.04	83.25
025	21.32	74.75
026	22.52	87.25
027	22.18	79.75
028	22.32	87.50
029	24.30	75.00
030	26.02	66.00
031	23.20	73.25
032	24.72	71.00
033	22.00	78.50
034	22.68	71.00
035	21.56	77.00
036	20.58	90.00
037	20.58	85.00
038	21.76	77.50
039	21.10	91.75
040	22.06	87.00
041	22.06	83.00
042	24.06	74.50
043	25.98	69.00
044	25.80	59.00
045	25.00	67.50
046	23.20	75.75
047	21.64	80.00
048	22.06	81.25
049	19.94	93.00
050	21.48	83.75
051	23.16	73.00
052	24.38	60.25
053	23.10	62.75
054	24.34	58.00
055	23.04	73.25
056	22.10	83.25
057	22.78	75.25
058	22.06	80.25
059	23.30	71.75
060	22.26	60.75
061	21.90	69.25
062	23.68	65.50
063	23.20	71.00
064	23.14	69.50
065	23.46	77.00
066	22.94	77.75
067	21.72	85.25
068	21.52	89.75
069	21.04	89.00
070	21.52	90.75
071	20.26	87.00
072	21.84	80.00
073	22.26	85.25
074	22.90	78.50
075	24.76	86.75
076	19.90	91.75
077	19.46	91.25
078	21.42	75.00
079	21.20	89.25
080	19.78	88.50
081	19.98	87.25
082	21.52	86.75
083	21.66	78.75
084	21.88	70.50
085	22.18	74.75
086	22.92	78.50
087	24.06	76.75
088	23.34	86.50
089	22.62	82.00
090	22.12	85.50
091	24.36	69.75
092	21.66	71.50
093	21.12	70.25
094	21.84	70.00
095	21.04	87.00
096	21.64	84.75
097	19.18	72.25
098	17.58	79.00
099	20.12	72.00
100	19.96	68.50
101	20.82	68.50
102	21.16	72.50
103	21.54	70.75
104	21.44	70.75
105	22.26	68.00
106	21.92	72.50
107	22.66	71.00
108	22.56	77.25
109	23.30	77.75
110	23.56	81.00
111	23.72	81.00
112	26.22	79.50
113	21.12	80.50
114	22.52	78.50
115	21.00	68.00
116	18.62	69.25
117	20.14	68.50
118	20.32	70.00
119	20.42	71.50
120	18.50	77.25
121	18.58	77.75
122	19.24	85.00
123	20.28	73.25
124	19.74	83.50
125	19.02	90.50
126	18.84	86.50
127	19.62	72.25
128	17.12	73.00
129	18.14	73.00
130	18.62	80.75
131	17.62	91.00
132	17.80	71.50
133	17.02	76.50
134	16.64	78.50
135	16.80	67.25
136	17.14	73.00
137	18.50	73.75
138	18.58	79.75
139	17.84	84.25
140	18.04	80.75
141	19.10	74.50
142	19.10	70.25
143	18.06	77.00
144	18.34	78.25
145	19.20	75.00
146	21.18	64.50
147	19.72	69.50
148	18.42	74.50
149	17.20	80.25
150	17.28	77.25
151	17.98	88.00
152	18.80	82.75
153	17.32	85.50
154	18.24	80.75
155	17.82	78.50
156	17.98	75.25
157	18.44	80.00
158	18.62	71.75
159	18.32	67.25
160	17.34	69.75
161	17.44	71.50
162	17.64	69.00
163	18.84	69.25
164	18.70	68.00
165	18.94	66.75
166	19.96	78.00
167	18.48	83.50
168	19.90	78.75
169	19.30	81.00
170	17.76	86.00
171	15.54	77.50
172	16.90	85.75
173	18.18	75.00
174	16.62	77.75
175	15.78	75.75
176	15.02	74.00
177	14.58	70.50
178	14.14	71.00
179	14.60	71.50
180	15.72	76.25
181	17.06	67.75
182	17.78	81.50
183	18.90	77.25
184	17.64	75.00
185	19.86	71.75
186	15.04	80.00
187	15.98	81.75
188	17.12	83.75
189	17.10	79.25
190	17.12	73.75
191	18.48	69.25
192	19.54	64.50
193	20.48	60.00
194	19.62	58.75
195	19.44	69.00
196	19.72	69.50
197	18.58	65.50
198	18.16	66.25
199	17.72	61.75
200	17.68	62.25
201	18.58	65.75
202	18.88	63.25
203	17.82	75.75
204	17.42	75.25
205	18.00	67.75
206	17.68	76.50
207	18.60	71.25
208	18.14	67.25
209	18.40	70.25
210	19.20	62.25
211	19.64	57.50
212	18.94	55.75
213	18.46	57.75
214	18.30	59.75
215	18.58	60.00
216	19.78	46.50
217	18.30	56.00
218	18.68	56.50
219	18.78	56.50
220	19.90	56.25
221	18.50	66.00
222	19.30	61.25
223	17.44	59.00
224	17.66	59.50
225	17.62	59.25
226	18.04	57.25
227	18.80	62.75
228	19.88	54.75
229	19.80	54.75
230	19.82	56.75
231	20.08	61.75
232	20.06	58.00
233	18.46	64.50
234	19.26	66.50
235	19.38	63.50
236	20.56	61.25
237	18.74	73.25
238	20.82	65.00
239	19.30	71.25
240	19.04	55.50
241	20.34	64.00
242	21.86	51.50
243	21.40	57.75
244	23.22	41.75
245	21.20	61.75
246	22.52	57.50
247	22.42	59.00
248	19.54	75.00
249	20.02	80.25
250	19.32	80.50
251	19.16	82.00
252	18.20	84.75
253	17.04	94.75
254	17.32	97.50
255	18.86	86.00
256	16.50	84.25
257	18.32	79.50
258	22.78	71.00
259	23.52	56.00
260	23.36	53.25
261	23.68	45.00
262	23.86	44.25
263	23.16	40.00
264	22.86	41.75
265	23.18	43.00
266	24.32	47.50
267	25.62	46.50
268	28.90	60.00
269	25.04	57.00
270	24.34	60.00
271	22.14	77.00
272	20.86	81.50
273	20.20	79.50
274	23.94	63.25
275	24.22	60.25
276	23.50	62.75
277	23.14	72.00
278	21.82	62.50
279	20.94	65.75
280	22.78	60.00
281	23.62	49.50
282	24.46	43.50
283	24.04	50.00
284	26.10	42.50
285	25.28	42.25
286	24.62	49.25
287	25.92	42.50
288	26.10	38.50
289	27.38	42.75
290	28.26	39.25
291	23.30	62.75
292	29.00	68.00
293	27.10	53.50
294	25.28	58.75
295	24.34	69.00
296	23.70	70.00
297	22.82	61.50
298	23.50	56.75
299	23.12	71.25
300	22.38	88.75
301	21.26	88.75
302	22.28	64.00
303	22.82	53.75
304	24.12	61.75
305	23.14	79.00
306	22.64	79.75
307	22.92	81.25
308	25.78	65.25
309	26.04	62.50
310	25.00	68.75
311	22.74	82.75
312	23.18	73.75
313	20.10	85.25
314	25.44	59.50
315	26.10	59.00
316	26.70	73.00
317	23.48	76.25
318	24.54	72.75
319	23.34	73.75
320	23.38	87.75
321	27.06	58.50
322	23.66	75.25
323	24.48	79.00
324	22.68	87.00
325	21.78	82.75
326	23.22	77.50
327	21.02	87.50
328	20.36	90.75
329	20.70	85.75
330	23.38	72.25
331	22.88	70.00
332	22.38	83.25
333	23.18	87.25
334	23.66	81.25
335	25.76	84.75
336	22.86	84.75
337	23.14	80.00
338	23.48	75.50
339	22.32	85.00
340	22.60	83.75
341	22.02	88.75
342	23.30	78.00
343	23.56	83.00
344	22.56	86.50
345	26.76	79.00
346	23.08	80.00
347	22.70	82.50
348	24.80	68.75
349	24.38	70.00
350	23.88	70.00
351	23.58	81.25
352	23.64	68.75
353	23.46	74.00
354	22.98	73.75
355	23.72	74.00
356	28.40	71.50
357	25.50	60.00
358	25.12	66.00
359	23.16	75.75
360	21.78	83.50
361	21.52	82.50
362	22.64	76.00
363	21.96	84.75
364	21.34	86.25
365	23.98	67.00
